error(train): 0.490000
error(test): 0.402062