error(train): 0.21428571428571427
error(test): 0.2857142857142857